139
90
199
161
156
255
47
170
101
53
42
5
98
103
256
251
278
299
187
230
144
201
177
158
258
49
244
232
30
28
49
194
57
110
1
76
165
210
161
176
261
214
235
148
109
114
66
254
300
66
276
70
76
284
18
71
145
142
266
174
102
230
278
90
279
66
252
150
148
162
204
179
20
226
271
181
191
166
150
182
12
132
162
224
16
284
245
290
131
192
180
51
213
236
85
256
69
181
10
263
27
243
268
176
223
202
13
167
267
134
45
284
69
139
298
98
177
179
140
116
22
190
263
253
12
233
160
35
199
247
76
93
173
216
61
11
3
118
277
202
114
22
292
89
229
206
72
297
17
169
155
43
112
87
92
55
283
44
106
88
25
269
28
263
299
122
254
177
193
21
235
240
188
270
37
112
196
93
85
107
295
255
295
154
124
100
104
21
170
129
213
157
184
75
245
129
186
130
80
147
3
179
144
11
144
40
54
58
222
10
243
45
70
112
282
58
151
104
204
217
112
3
158
69
103
3
278
174
211
68
205
178
204
30
139
62
232
7
53
216
271
112
151
46
270
246
160
109
7
166
183
278
129
169
134
39
222
268
140
88
130
73
197
153
230
176
176
148
156
134
271
220
78
67
259
93
88
207
58
294
65
53
286
112
66
255
125
51
263
286
166
190
61
167
201
231
70
19
215
16
250
249
261
263
196
118
217
2
204
160
181
264
207
8
226
231
204
170
119
21
63
55
269
143
35
113
213
149
169
107
163
129
2
138
139
105
252
22
142
140
154
219
236
96
269
178
270
176
47
83
225
225
296
224
75
195
151
101
288
51
230
181
114
68
254
100
131
188
241
286
164
144
196
214
249
147
78
253
79
189
272
227
227
99
184
266
25
232
139
199
120
205
65
181
57
174
189
81
157
156
79
147
48
219
127
191
196
280
266
212
223
206
117
119
103
179
256
68
126
202
14
259
175
60
227
186
287
265
153
138
112
285
105
158
6
79
222
172
292
37
203
27
87
164
57
239
150
21
58
289
30
191
91
256
34
237
66
182
265
218
282
188
11
56
58
44
155
100
23
42
48
91
83
2
111
179
231
201
300
51
126
196
138
259
130
284
38
216
19
107
164
226
24
268
228
77
284
256
240
108
196
147
114
56
102
130
157
300
217
125
44
159
54
127
61
262
27
300
248
87
125
272
141
235
123
155
133
240
228
157
34
208
31
272
97
115
284
274
242
71
242
209
94
240
0
70
297
71
275
39
236
44
265
253
25
28
73
169
154
21
241
183
241
79
114
143
5
295
228
108
103
296
107
131
158
294
248
88
29
256
173
218
282
248
144
261
152
227
283
28
179
108
157
198
207
277
85
47
221
249
263
79
234
290
90
72
140
28
141
189
14
158
220
254
96
102
31
117
103
2
296
34
213
48
31
279
295
131
17
253
246
32
299
22
209
64
79
32
225
156
146
255
133
156
62
285
91
222
198
271
212
167
3
106
18
217
225
270
287
90
75
127
80
52
27
63
54
208
13
11
276
114
256
236
117
4
164
189
195
39
16
267
197
5
36
186
37
14
19
230
79
195
119
140
4
219
85
279
206
205
89
251
273
167
124
34
283
114
179
86
96
241
106
155
228
18
75
175
211
228
40
166
234
23
278
281
194
65
131
179
183
193
253
255
214
124
49
145
278
48
57
55
201
152
188
279
199
285
234
217
295
69
177
76
222
28
119
279
122
174
208
79
37
28
146
83
36
18
251
70
297
30
100
199
292
148
286
72
115
175
78
193
24
56
243
248
221
200
200
64
225
190
61
251
67
180
102
41
176
112
172
244
122
36
140
276
90
267
44
120
129
98
111
148
275
152
50
22
99
202
11
291
110
248
258
131
118
94
248
253
145
171
80
110
165
57
268
207
157
135
216
96
80
178
286
246
58
85
100
229
210
14
158
188
7
283
292
233
145
13
105
282
174
6
287
85
4
184
102
118
132
122
193
186
217
295
86
172
84
111
254
189
37
134
97
50
126
19
175
195
130
14
186
235
32
56
242
196
226
178
299
128
29
4
12
86
297
122
156
31
100
108
34
32
113
271
220
251
230
26
7
168
124
190
195
257
87
162
183
77
68
199
143
4
3
225
51
224
184
172
25
10
175
144
210
181
14
53
29
81
21
140
109
77
66
129
94
274
245
54
210
77
211
162
35
108
288
290
95
155
71
189
1
197
191
210
172
149
26